35 31 33 33 33 55 56 57
58 59 55 55 55 55 55 55
55 55 55 55 55 55 55 55
55 55 55 55 55 55 55 55
35 31 33 33 33 55 56 57
c0 17 40 00 00 00 00 00

-------------------------
48 c7 c7 fa 97 b9 59 68 
ec 17 40 00 c3 00 00 00
00 00 00 00 00 00 00 00
00 00 00 00 00 00 00 00
00 00 00 00 00 00 00 00
78 dc 61 55 00 00 00 00

--------------------------
48 c7 c7 a8 dc 61 55 68 
fa 18 40 00 c3 00 00 00
00 00 00 00 00 00 00 00
00 00 00 00 00 00 00 00
00 00 00 00 00 00 00 00
78 dc 61 55 00 00 00 00
35 39 62 39 39 37 66 61 00
--------------------------- 